,Année,N° tour,Nom département,Inscrits,Votants,Exprimés,Blanc,Abstention
0,2002,1,Ain,5411520,3987488,3850432,137056,1424032
1,2002,1,Aisne,5868960,4330448,4188848,141600,1538512
2,2002,1,Allier,4097808,3024752,2876288,148464,1073056
3,2002,1,Alpes-Maritimes,11045568,7649184,7472640,176544,3396384
4,2002,1,Alpes-de-Haute-Provence,1743088,1318208,1270880,47328,424880
5,2002,1,Ardennes,3078752,2217728,2151968,65760,861024
6,2002,1,Ardèche,3518720,2682688,2583120,99568,836032
7,2002,1,Ariège,1744432,1326000,1273696,52304,418432
8,2002,1,Aube,3099984,2286784,2210240,76544,813200
9,2002,1,Aude,3789632,2879760,2774928,104832,909872
10,2002,1,Aveyron,3433360,2685072,2556752,128320,748288
11,2002,1,Bas-Rhin,10798912,7979568,7701424,278144,2819344
12,2002,1,Bouches-du-Rhône,18319504,13410368,13040016,370352,4909136
13,2002,1,Calvados,7329168,5383840,5209152,174688,1945328
14,2002,1,Cantal,1981232,1480992,1417520,63472,500240
15,2002,1,Charente,4081760,3004608,2882816,121792,1077152
16,2002,1,Charente-Maritime,6684640,4883232,4704032,179200,1801408
17,2002,1,Cher,3649744,2676960,2573728,103232,972784
18,2002,1,Corrèze,2948432,2347936,2251760,96176,600496
19,2002,1,Corse-du-Sud,1384416,823200,804176,19024,561216
20,2002,1,Creuse,1628992,1181936,1122272,59664,447056
21,2002,1,Côte-d'Or,5285088,3991168,3864560,126608,1293920
22,2002,1,Côtes-d'Armor,6861696,5247232,5073792,173440,1614464
23,2002,1,Deux-Sèvres,4174992,3155136,2997264,157872,1019856
24,2002,1,Dordogne,4863856,3709520,3537008,172512,1154336
25,2002,1,Doubs,5355504,4102016,3950144,151872,1253488
26,2002,1,Drôme,4952912,3698464,3576144,122320,1254448
27,2002,1,Essonne,10908160,7437552,7246736,190816,3470608
28,2002,1,Eure,6053248,4494000,4341456,152544,1559248
29,2002,1,Eure-et-Loir,4449968,3284848,3176528,108320,1165120
30,2002,1,Finistère,10169536,7625024,7409216,215808,2544512
31,2002,1,Gard,7128992,5297344,5133680,163664,1831648
32,2002,1,Gers,2166768,1674928,1601584,73344,491840
33,2002,1,Gironde,13881024,9948064,9652368,295696,3932960
34,2002,1,Guadeloupe,4504800,1537376,1470512,66864,2967424
35,2002,1,Guyane,828592,387456,378624,8832,441136
36,2002,1,Haut-Rhin,7655088,5647888,5442944,204944,2007200
37,2002,1,Haute-Corse,1677872,971008,947216,23792,706864
38,2002,1,Haute-Garonne,11363568,8627344,8328688,298656,2736224
39,2002,1,Haute-Loire,2661552,2023680,1927664,96016,637872
40,2002,1,Haute-Marne,2298640,1659264,1595536,63728,639376
41,2002,1,Haute-Savoie,6743184,4902272,4736832,165440,1840912
42,2002,1,Haute-Saône,2791904,2130608,2037792,92816,661296
43,2002,1,Haute-Vienne,4180032,3220016,3055504,164512,960016
44,2002,1,Hautes-Alpes,1521600,1152784,1110432,42352,368816
45,2002,1,Hautes-Pyrénées,2706160,2031760,1946128,85632,674400
46,2002,1,Hauts-de-Seine,13042768,8833584,8646160,187424,4209184
47,2002,1,Hérault,10119344,7522752,7300064,222688,2596592
48,2002,1,Ille-et-Vilaine,9893264,7361040,7108112,252928,2532224
49,2002,1,Indre,2826848,2123328,2017568,105760,703520
50,2002,1,Indre-et-Loire,6098080,4507072,4344576,162496,1591008
51,2002,1,Isère,11332240,8362400,8096800,265600,2969840
52,2002,1,Jura,2901552,2201120,2112944,88176,700432
53,2002,1,La Réunion,6995024,3936864,3739536,197328,3058160
54,2002,1,Landes,4142784,3102368,2981376,120992,1040416
55,2002,1,Loir-et-Cher,3722496,2794000,2686176,107824,928496
56,2002,1,Loire,7743616,5637264,5435920,201344,2106352
57,2002,1,Loire-Atlantique,13033360,9647408,9304528,342880,3385952
58,2002,1,Loiret,6548960,4907344,4749056,158288,1641616
59,2002,1,Lot,2050784,1599440,1528016,71424,451344
60,2002,1,Lot-et-Garonne,3664352,2741616,2639136,102480,922736
61,2002,1,Lozère,941248,728272,701968,26304,212976
62,2002,1,Maine-et-Loire,8159344,6128112,5836048,292064,2031232
63,2002,1,Manche,5745776,4246384,4094880,151504,1499392
64,2002,1,Marne,5953232,4207680,4082096,125584,1745552
65,2002,1,Martinique,4266064,1508000,1430848,77152,2758064
66,2002,1,Mayenne,3424256,2562096,2428800,133296,862160
67,2002,1,Meurthe-et-Moselle,7511376,5331376,5170304,161072,2180000
68,2002,1,Meuse,2223712,1628192,1568512,59680,595520
69,2002,1,Morbihan,7983008,5982816,5780800,202016,2000192
70,2002,1,Moselle,11396784,7857872,7576096,281776,3538912
71,2002,1,Nièvre,2726336,1970160,1891072,79088,756176
72,2002,1,Nord,27541792,19587456,18946976,640480,7954336
73,2002,1,Oise,8104512,5982720,5805536,177184,2121792
74,2002,1,Orne,3427440,2550016,2462560,87456,877424
75,2002,1,Paris,17302720,12144480,11904960,239520,5158240
76,2002,1,Pas-de-Calais,16768288,12265120,11762304,502816,4503168
77,2002,1,Puy-de-Dôme,6808032,5080800,4855728,225072,1727232
78,2002,1,Pyrénées-Atlantiques,7193824,5246368,5043904,202464,1947456
79,2002,1,Pyrénées-Orientales,4575680,3334352,3223568,110784,1241328
80,2002,1,Rhône,14917872,11069264,10777904,291360,3848608
81,2002,1,Sarthe,6166352,4455152,4238656,216496,1711200
82,2002,1,Savoie,4240976,3120256,3017264,102992,1120720
83,2002,1,Saône-et-Loire,6381088,4656688,4453152,203536,1724400
84,2002,1,Seine-Maritime,13402544,9856896,9533664,323232,3545648
85,2002,1,Seine-Saint-Denis,10091680,6506656,6343616,163040,3585024
86,2002,1,Seine-et-Marne,11549216,7811232,7599488,211744,3737984
87,2002,1,Somme,6399552,4845696,4682160,163536,1553856
88,2002,1,Tarn,4185680,3259280,3107072,152208,926400
89,2002,1,Tarn-et-Garonne,2461008,1913888,1841712,72176,547120
90,2002,1,Territoire de Belfort,1434320,1095504,1056704,38800,338816
91,2002,1,Val-d'Oise,9667056,6538528,6376832,161696,3128528
92,2002,1,Val-de-Marne,10840272,7246560,7073040,173520,3593712
93,2002,1,Var,10325040,7435840,7235616,200224,2889200
94,2002,1,Vaucluse,5486112,4145520,4021552,123968,1340592
95,2002,1,Vendée,6846176,5207456,4960944,246512,1638720
96,2002,1,Vienne,4590928,3455856,3311472,144384,1135072
97,2002,1,Vosges,4529360,3314608,3160912,153696,1214752
98,2002,1,Yonne,3770992,2772464,2676944,95520,998528
99,2002,1,Yvelines,13207200,9086096,8886112,199984,4121104
100,2002,2,Ain,676392,547604,517982,29622,128788
101,2002,2,Aisne,733770,590194,551274,38920,143576
102,2002,2,Allier,512170,414182,386362,27820,97988
103,2002,2,Alpes-Maritimes,1380262,1049990,1001582,48408,330272
104,2002,2,Alpes-de-Haute-Provence,217802,180178,168606,11572,37624
105,2002,2,Ardennes,384818,301880,281316,20564,82938
106,2002,2,Ardèche,439606,365596,341478,24118,74010
107,2002,2,Ariège,217972,180324,165486,14838,37648
108,2002,2,Aube,387522,311214,292576,18638,76308
109,2002,2,Aude,473746,389386,358594,30792,84360
110,2002,2,Aveyron,429100,364018,341008,23010,65082
111,2002,2,Bas-Rhin,1350006,1078638,1020972,57666,271368
112,2002,2,Bouches-du-Rhône,2290040,1852204,1761004,91200,437836
113,2002,2,Calvados,916160,742150,704906,37244,174010
114,2002,2,Cantal,247630,205238,194492,10746,42392
115,2002,2,Charente,510194,414404,387430,26974,95790
116,2002,2,Charente-Maritime,835616,678900,640946,37954,156716
117,2002,2,Cher,456080,365440,342874,22566,90640
118,2002,2,Corrèze,368324,316912,297044,19868,51412
119,2002,2,Corse-du-Sud,172860,119472,112118,7354,53388
120,2002,2,Creuse,203604,164904,154656,10248,38700
121,2002,2,Côte-d'Or,660594,540810,509000,31810,119784
122,2002,2,Côtes-d'Armor,857462,721450,679548,41902,136012
123,2002,2,Deux-Sèvres,521824,436514,415946,20568,85310
124,2002,2,Dordogne,607696,514792,478416,36376,92904
125,2002,2,Doubs,669278,554766,520044,34722,114512
126,2002,2,Drôme,619070,508002,479396,28606,111068
127,2002,2,Essonne,1363596,1104594,1056782,47812,259002
128,2002,2,Eure,756486,610786,578030,32756,145700
129,2002,2,Eure-et-Loir,555946,448540,424428,24112,107406
130,2002,2,Finistère,1270864,1050362,998762,51600,220502
131,2002,2,Gard,891000,727520,678788,48732,163480
132,2002,2,Gers,270686,229704,213756,15948,40982
133,2002,2,Gironde,1735098,1422606,1339358,83248,312492
134,2002,2,Guadeloupe,563112,218872,203854,15018,344240
135,2002,2,Guyane,103580,46678,44284,2394,56902
136,2002,2,Haut-Rhin,956952,765342,722952,42390,191610
137,2002,2,Haute-Corse,209684,139802,127854,11948,69882
138,2002,2,Haute-Garonne,1420474,1172130,1103064,69066,248344
139,2002,2,Haute-Loire,332618,275034,256968,18066,57584
140,2002,2,Haute-Marne,287216,227040,211784,15256,60176
141,2002,2,Haute-Savoie,842334,675004,641968,33036,167330
142,2002,2,Haute-Saône,348918,285594,261728,23866,63324
143,2002,2,Haute-Vienne,521838,437768,410250,27518,84070
144,2002,2,Hautes-Alpes,190150,157084,147416,9668,33066
145,2002,2,Hautes-Pyrénées,338246,279874,259962,19912,58372
146,2002,2,Hauts-de-Seine,1631018,1318538,1276228,42310,312480
147,2002,2,Hérault,1264492,1029912,961298,68614,234580
148,2002,2,Ille-et-Vilaine,1236510,1025906,978898,47008,210604
149,2002,2,Indre,353312,290494,271096,19398,62818
150,2002,2,Indre-et-Loire,762296,619612,585610,34002,142684
151,2002,2,Isère,1416952,1155178,1099088,56090,261774
152,2002,2,Jura,362656,298860,278238,20622,63796
153,2002,2,La Réunion,873412,633062,605008,28054,240350
154,2002,2,Landes,517628,431154,401828,29326,86474
155,2002,2,Loir-et-Cher,465308,380148,358358,21790,85160
156,2002,2,Loire,967988,770992,729238,41754,196996
157,2002,2,Loire-Atlantique,1629160,1327876,1264508,63368,301284
158,2002,2,Loiret,818448,667522,634090,33432,150926
159,2002,2,Lot,256322,219262,204052,15210,37060
160,2002,2,Lot-et-Garonne,457964,382068,355016,27052,75896
161,2002,2,Lozère,117622,98986,92820,6166,18636
162,2002,2,Maine-et-Loire,1019844,843816,803212,40604,176028
163,2002,2,Manche,717760,584068,555854,28214,133692
164,2002,2,Marne,744046,577878,547726,30152,166168
165,2002,2,Martinique,533054,240470,225576,14894,292584
166,2002,2,Mayenne,428104,353504,336346,17158,74600
167,2002,2,Meurthe-et-Moselle,938848,743386,702784,40602,195462
168,2002,2,Meuse,277794,223486,209428,14058,54308
169,2002,2,Morbihan,998110,824856,782992,41864,173254
170,2002,2,Moselle,1424402,1105946,1046776,59170,318456
171,2002,2,Nièvre,340666,269160,249690,19470,71506
172,2002,2,Nord,3442288,2674156,2526872,147284,768132
173,2002,2,Oise,1013138,813314,766234,47080,199824
174,2002,2,Orne,428374,351782,334316,17466,76592
175,2002,2,Paris,2162626,1793622,1744484,49138,369004
176,2002,2,Pas-de-Calais,2096090,1654070,1542022,112048,442020
177,2002,2,Puy-de-Dôme,850722,702030,659256,42774,148692
178,2002,2,Pyrénées-Atlantiques,900900,743590,695772,47818,157310
179,2002,2,Pyrénées-Orientales,571884,461072,428878,32194,110812
180,2002,2,Rhône,1864844,1510320,1446442,63878,354524
181,2002,2,Sarthe,770690,620936,583550,37386,149754
182,2002,2,Savoie,529924,426178,402648,23530,103746
183,2002,2,Saône-et-Loire,796794,633428,590282,43146,163366
184,2002,2,Seine-Maritime,1675104,1345992,1275520,70472,329112
185,2002,2,Seine-Saint-Denis,1261712,966112,926378,39734,295600
186,2002,2,Seine-et-Marne,1443662,1158064,1103304,54760,285598
187,2002,2,Somme,799682,650596,606604,43992,149086
188,2002,2,Tarn,522814,442892,411316,31576,79922
189,2002,2,Tarn-et-Garonne,307360,259358,241390,17968,48002
190,2002,2,Territoire de Belfort,178872,146084,135450,10634,32788
191,2002,2,Val-d'Oise,1208402,966558,925790,40768,241844
192,2002,2,Val-de-Marne,1355144,1080312,1040014,40298,274832
193,2002,2,Var,1290620,1025362,971118,54244,265258
194,2002,2,Vaucluse,685648,562692,530294,32398,122956
195,2002,2,Vendée,855708,712624,678386,34238,143084
196,2002,2,Vienne,573914,476202,451966,24236,97712
197,2002,2,Vosges,566326,457348,427732,29616,108978
198,2002,2,Yonne,471116,380492,358936,21556,90624
199,2002,2,Yvelines,1650632,1352934,1301100,51834,297698
200,2007,1,Ain,4474788,3850308,3799176,51132,624480
201,2007,1,Aisne,4529700,3786012,3731580,54432,743688
202,2007,1,Allier,3114444,2658300,2608608,49692,456144
203,2007,1,Alpes-Maritimes,8660592,7191888,7119048,72840,1468704
204,2007,1,Alpes-de-Haute-Provence,1427232,1233516,1213680,19836,193716
205,2007,1,Ardennes,2389380,1962840,1939176,23664,426540
206,2007,1,Ardèche,2826936,2456784,2422584,34200,370152
207,2007,1,Ariège,1365972,1190424,1171896,18528,175548
208,2007,1,Aube,2456304,2053944,2028012,25932,402360
209,2007,1,Aude,3052848,2639268,2602584,36684,413580
210,2007,1,Aveyron,2615772,2307468,2268000,39468,308304
211,2007,1,Bas-Rhin,8608044,7152564,7054128,98436,1455480
212,2007,1,Bouches-du-Rhône,15130992,12683448,12530868,152580,2447544
213,2007,1,Calvados,5792124,5005872,4930848,75024,786252
214,2007,1,Cantal,1480356,1270200,1249020,21180,210156
215,2007,1,Charente,3117072,2642016,2600976,41040,475056
216,2007,1,Charente-Maritime,5440728,4615344,4551048,64296,825384
217,2007,1,Cher,2787612,2297880,2258076,39804,489732
218,2007,1,Corrèze,2246796,1955028,1918908,36120,291768
219,2007,1,Corse-du-Sud,1134660,857724,845340,12384,276936
220,2007,1,Creuse,1197588,999312,979020,20292,198276
221,2007,1,Côte-d'Or,4194216,3591660,3549084,42576,602556
222,2007,1,Côtes-d'Armor,5350872,4725828,4665840,59988,625044
223,2007,1,Deux-Sèvres,3231324,2811336,2749452,61884,419988
224,2007,1,Dordogne,3709272,3275892,3221256,54636,433380
225,2007,1,Doubs,4237584,3636900,3585300,51600,600684
226,2007,1,Drôme,4057068,3498936,3451080,47856,558132
227,2007,1,Essonne,8915184,7762908,7677876,85032,1152276
228,2007,1,Eure,4851168,4095816,4040520,55296,755352
229,2007,1,Eure-et-Loir,3526212,2960232,2918244,41988,565980
230,2007,1,Finistère,8011944,7001808,6922428,79380,1010136
231,2007,1,Gard,5866788,5057328,4994040,63288,809460
232,2007,1,Gers,1683888,1488096,1464120,23976,195792
233,2007,1,Gironde,11442312,10002456,9881208,121248,1439856
234,2007,1,Guadeloupe,3639732,2152380,2014656,137724,1487352
235,2007,1,Guyane,750312,440916,425136,15780,309396
236,2007,1,Haut-Rhin,6082524,5038608,4961052,77556,1043916
237,2007,1,Haute-Corse,1342068,1012272,997512,14760,329796
238,2007,1,Haute-Garonne,9470328,8287656,8187060,100596,1182672
239,2007,1,Haute-Loire,2079096,1810752,1779276,31476,268344
240,2007,1,Haute-Marne,1708236,1417056,1392084,24972,291180
241,2007,1,Haute-Savoie,5673864,4848672,4787184,61488,825192
242,2007,1,Haute-Saône,2154072,1846452,1813056,33396,307620
243,2007,1,Haute-Vienne,3190380,2768112,2709180,58932,422268
244,2007,1,Hautes-Alpes,1235460,1062324,1047876,14448,173136
245,2007,1,Hautes-Pyrénées,2115348,1833576,1807596,25980,281772
246,2007,1,Hauts-de-Seine,10855980,9438084,9339600,98484,1417896
247,2007,1,Hérault,8396208,7211088,7120932,90156,1185120
248,2007,1,Ille-et-Vilaine,7981896,7010556,6921648,88908,971340
249,2007,1,Indre,2128008,1802604,1765020,37584,325404
250,2007,1,Indre-et-Loire,4820136,4127916,4069392,58524,692220
251,2007,1,Isère,9410388,8122308,8016696,105612,1288080
252,2007,1,Jura,2244996,1935024,1902720,32304,309972
253,2007,1,La Réunion,6126696,4448628,4295580,153048,1678068
254,2007,1,Landes,3396852,2978220,2935728,42492,418632
255,2007,1,Loir-et-Cher,2886504,2461704,2422776,38928,424800
256,2007,1,Loire,6070380,5182140,5108484,73656,888240
257,2007,1,Loire-Atlantique,10704192,9336408,9225132,111276,1367784
258,2007,1,Loiret,5227896,4416828,4356900,59928,811068
259,2007,1,Lot,1594752,1419612,1398168,21444,175140
260,2007,1,Lot-et-Garonne,2867988,2501556,2464956,36600,366432
261,2007,1,Lozère,720192,632040,623100,8940,88152
262,2007,1,Maine-et-Loire,6478824,5692680,5599176,93504,786144
263,2007,1,Manche,4461372,3843432,3780168,63264,617940
264,2007,1,Marne,4587444,3734376,3682068,52308,853068
265,2007,1,Martinique,3449580,2035008,1912536,122472,1414572
266,2007,1,Mayenne,2640264,2305812,2262300,43512,334452
267,2007,1,Mayotte,773280,357744,298224,59520,415536
268,2007,1,Meurthe-et-Moselle,5882976,4933200,4872672,60528,949776
269,2007,1,Meuse,1695204,1443720,1422768,20952,251484
270,2007,1,Morbihan,6418812,5607948,5536908,71040,810864
271,2007,1,Moselle,8866668,7282776,7175172,107604,1583892
272,2007,1,Nièvre,2032008,1700088,1674240,25848,331920
273,2007,1,Nord,21312840,17224920,16976880,248040,4087920
274,2007,1,Oise,6441024,5378976,5308152,70824,1062048
275,2007,1,Orne,2596872,2229780,2197632,32148,367092
276,2007,1,Paris,14663916,12819288,12714492,104796,1844628
277,2007,1,Pas-de-Calais,12941544,10687320,10503420,183900,2254224
278,2007,1,Puy-de-Dôme,5319120,4629216,4553952,75264,689904
279,2007,1,Pyrénées-Atlantiques,5696064,4965876,4906836,59040,730188
280,2007,1,Pyrénées-Orientales,3777228,3211092,3166344,44748,566136
281,2007,1,Rhône,12451620,10757448,10647324,110124,1694172
282,2007,1,Sarthe,4815936,4092096,4007088,85008,723840
283,2007,1,Savoie,3455376,2979336,2938380,40956,476040
284,2007,1,Saône-et-Loire,4907352,4107204,4034952,72252,800148
285,2007,1,Seine-Maritime,10483020,8747424,8619804,127620,1735596
286,2007,1,Seine-Saint-Denis,8498052,7055040,6967716,87324,1443012
287,2007,1,Seine-et-Marne,9625596,8219412,8118312,101100,1406184
288,2007,1,Somme,4923228,4150764,4089912,60852,772464
289,2007,1,Tarn,3316248,2932104,2883912,48192,384144
290,2007,1,Tarn-et-Garonne,1989996,1751616,1726452,25164,238380
291,2007,1,Territoire de Belfort,1125348,948972,934464,14508,176376
292,2007,1,Val-d'Oise,8101368,6947760,6862704,85056,1153608
293,2007,1,Val-de-Marne,8951472,7658784,7573776,85008,1292688
294,2007,1,Var,8601540,7179372,7097880,81492,1422168
295,2007,1,Vaucluse,4447500,3794316,3745740,48576,653184
296,2007,1,Vendée,5570988,4909800,4830384,79416,661188
297,2007,1,Vienne,3590220,3079416,3030648,48768,510804
298,2007,1,Vosges,3464640,2944032,2892240,51792,520608
299,2007,1,Yonne,2946468,2468808,2434248,34560,477660
300,2007,1,Yvelines,10732560,9382608,9292968,89640,1349952
301,2007,2,Ain,745902,639046,611706,27340,106856
302,2007,2,Aisne,754934,634792,606016,28776,120142
303,2007,2,Allier,519006,441354,419736,21618,77652
304,2007,2,Alpes-Maritimes,1443824,1213528,1172578,40950,230296
305,2007,2,Alpes-de-Haute-Provence,237856,207576,198088,9488,30280
306,2007,2,Ardennes,398208,330866,316098,14768,67342
307,2007,2,Ardèche,471088,407868,389070,18798,63220
308,2007,2,Ariège,227564,199126,190154,8972,28438
309,2007,2,Aube,409470,343546,328352,15194,65924
310,2007,2,Aude,508768,440456,420646,19810,68312
311,2007,2,Aveyron,435710,385170,367630,17540,50540
312,2007,2,Bas-Rhin,1435140,1199380,1148434,50946,235760
313,2007,2,Bouches-du-Rhône,2521616,2138736,2058620,80116,382880
314,2007,2,Calvados,965350,828786,795218,33568,136564
315,2007,2,Cantal,246644,213236,204378,8858,33408
316,2007,2,Charente,519590,444688,425978,18710,74902
317,2007,2,Charente-Maritime,906774,776458,744778,31680,130316
318,2007,2,Cher,464480,387272,367540,19732,77208
319,2007,2,Corrèze,374358,329056,312914,16142,45302
320,2007,2,Corse-du-Sud,189108,147994,142186,5808,41114
321,2007,2,Creuse,199582,169514,161636,7878,30068
322,2007,2,Côte-d'Or,699082,604388,577954,26434,94694
323,2007,2,Côtes-d'Armor,891500,788084,758398,29686,103416
324,2007,2,Deux-Sèvres,538194,472040,453356,18684,66154
325,2007,2,Dordogne,618002,547498,523102,24396,70504
326,2007,2,Doubs,706308,612480,584158,28322,93828
327,2007,2,Drôme,676240,581552,555732,25820,94688
328,2007,2,Essonne,1486180,1276868,1225644,51224,209312
329,2007,2,Eure,807382,686832,656792,30040,120550
330,2007,2,Eure-et-Loir,587688,498006,476106,21900,89682
331,2007,2,Finistère,1334708,1165928,1120880,45048,168780
332,2007,2,Gard,977640,842598,805876,36722,135042
333,2007,2,Gers,280566,249144,237756,11388,31422
334,2007,2,Gironde,1907298,1653764,1583832,69932,253534
335,2007,2,Guadeloupe,606444,397074,375794,21280,209370
336,2007,2,Guyane,125454,79620,76530,3090,45834
337,2007,2,Haut-Rhin,1013708,848066,809776,38290,165642
338,2007,2,Haute-Corse,223750,176448,169774,6674,47302
339,2007,2,Haute-Garonne,1578824,1368784,1313774,55010,210040
340,2007,2,Haute-Loire,346524,299770,284342,15428,46754
341,2007,2,Haute-Marne,284690,237990,225832,12158,46700
342,2007,2,Haute-Savoie,945716,800486,766096,34390,145230
343,2007,2,Haute-Saône,358818,310638,293634,17004,48180
344,2007,2,Haute-Vienne,531762,464144,439626,24518,67618
345,2007,2,Hautes-Alpes,206086,179388,171238,8150,26698
346,2007,2,Hautes-Pyrénées,352496,305212,291446,13766,47284
347,2007,2,Hauts-de-Seine,1810116,1554944,1497524,57420,255172
348,2007,2,Hérault,1399304,1200368,1153062,47306,198936
349,2007,2,Ille-et-Vilaine,1330374,1163524,1116232,47292,166850
350,2007,2,Indre,354662,302718,286278,16440,51944
351,2007,2,Indre-et-Loire,803496,692454,662840,29614,111042
352,2007,2,Isère,1568326,1342186,1286772,55414,226140
353,2007,2,Jura,374330,323584,307570,16014,50746
354,2007,2,La Réunion,1022066,788964,762076,26888,233102
355,2007,2,Landes,565976,496306,475698,20608,69670
356,2007,2,Loir-et-Cher,481168,411020,390666,20354,70148
357,2007,2,Loire,1011826,853776,814138,39638,158050
358,2007,2,Loire-Atlantique,1784460,1543726,1482042,61684,240734
359,2007,2,Loiret,871150,743552,710042,33510,127598
360,2007,2,Lot,265762,237206,226678,10528,28556
361,2007,2,Lot-et-Garonne,477904,416624,397554,19070,61280
362,2007,2,Lozère,119982,105676,100814,4862,14306
363,2007,2,Maine-et-Loire,1080112,939054,895102,43952,141058
364,2007,2,Manche,743580,637206,609040,28166,106374
365,2007,2,Marne,764586,627296,598032,29264,137290
366,2007,2,Martinique,575036,378250,358636,19614,196786
367,2007,2,Mayenne,439902,380944,363714,17230,58958
368,2007,2,Mayotte,128952,61326,59208,2118,67626
369,2007,2,Meurthe-et-Moselle,980352,815856,780336,35520,164496
370,2007,2,Meuse,282454,238738,227304,11434,43716
371,2007,2,Morbihan,1069808,931982,892276,39706,137826
372,2007,2,Moselle,1477846,1205460,1150460,55000,272386
373,2007,2,Nièvre,338680,286336,273132,13204,52344
374,2007,2,Nord,3553210,2912554,2788370,124184,640656
375,2007,2,Oise,1073292,906614,867236,39378,166678
376,2007,2,Orne,432678,368950,352550,16400,63728
377,2007,2,Paris,2444462,2111064,2040004,71060,333398
378,2007,2,Pas-de-Calais,2156804,1794522,1711342,83180,362282
379,2007,2,Puy-de-Dôme,886620,768948,733548,35400,117672
380,2007,2,Pyrénées-Atlantiques,950044,823854,783024,40830,126190
381,2007,2,Pyrénées-Orientales,629610,535976,513654,22322,93634
382,2007,2,Rhône,2075844,1769840,1701212,68628,306004
383,2007,2,Sarthe,802636,676642,644400,32242,125994
384,2007,2,Savoie,576158,490388,468582,21806,85770
385,2007,2,Saône-et-Loire,817700,689634,656100,33534,128066
386,2007,2,Seine-Maritime,1747246,1476542,1414324,62218,270704
387,2007,2,Seine-Saint-Denis,1416326,1167818,1129084,38734,248508
388,2007,2,Seine-et-Marne,1603790,1360718,1305144,55574,243072
389,2007,2,Somme,820372,698132,667194,30938,122240
390,2007,2,Tarn,552670,487630,464708,22922,65040
391,2007,2,Tarn-et-Garonne,331590,291416,278944,12472,40174
392,2007,2,Territoire de Belfort,187532,160332,151934,8398,27200
393,2007,2,Val-d'Oise,1350548,1144372,1101510,42862,206176
394,2007,2,Val-de-Marne,1492260,1261634,1214982,46652,230626
395,2007,2,Var,1433620,1212116,1166826,45290,221504
396,2007,2,Vaucluse,741408,636446,608460,27986,104962
397,2007,2,Vendée,928456,810614,773480,37134,117842
398,2007,2,Vienne,598478,517550,494216,23334,80928
399,2007,2,Vosges,577308,486328,459516,26812,90980
400,2007,2,Yonne,491002,413134,393424,19710,77868
401,2007,2,Yvelines,1787402,1540290,1481846,58444,247112
402,2012,1,Ain,3938080,3278120,3213590,64530,659960
403,2012,1,Aisne,3760680,3031400,2979440,51960,729280
404,2012,1,Allier,2562750,2110090,2059500,50590,452660
405,2012,1,Alpes-Maritimes,7452880,5919050,5828420,90630,1533830
406,2012,1,Alpes-de-Haute-Provence,1239330,1028990,1007880,21110,210340
407,2012,1,Ardennes,1965790,1560710,1535910,24800,405080
408,2012,1,Ardèche,2433510,2047910,2007180,40730,385600
409,2012,1,Ariège,1163700,978680,960480,18200,185020
410,2012,1,Aube,2035900,1656510,1621850,34660,379390
411,2012,1,Aude,2642880,2206470,2163480,42990,436410
412,2012,1,Aveyron,2183470,1862520,1817130,45390,320950
413,2012,1,Bas-Rhin,7480870,5971830,5859320,112510,1509040
414,2012,1,Bouches-du-Rhône,13147660,10573340,10406230,167110,2574320
415,2012,1,Calvados,4905470,4080490,4014320,66170,824980
416,2012,1,Cantal,1209620,1005960,984060,21900,203660
417,2012,1,Charente,2607650,2141240,2094590,46650,466410
418,2012,1,Charente-Maritime,4719470,3864690,3787410,77280,854780
419,2012,1,Cher,2309170,1856220,1816150,40070,452950
420,2012,1,Corrèze,1867010,1593690,1560950,32740,273320
421,2012,1,Corse-du-Sud,1016820,755090,742150,12940,261730
422,2012,1,Creuse,968750,796570,777500,19070,172180
423,2012,1,Côte-d'Or,3547890,2945050,2890710,54340,602840
424,2012,1,Côtes-d'Armor,4509610,3865080,3795370,69710,644530
425,2012,1,Deux-Sèvres,2707110,2271150,2217150,54000,435960
426,2012,1,Dordogne,3119330,2646470,2588140,58330,472860
427,2012,1,Doubs,3591930,2974160,2914120,60040,617770
428,2012,1,Drôme,3530560,2935010,2882530,52480,595550
429,2012,1,Essonne,7672920,6075280,5972510,102770,1597640
430,2012,1,Eure,4178300,3405600,3344750,60850,772700
431,2012,1,Eure-et-Loir,2977840,2411950,2368150,43800,565890
432,2012,1,Finistère,6767710,5695950,5600720,95230,1071760
433,2012,1,Français établis hors de France,10435860,4077040,4032940,44100,6358820
434,2012,1,Gard,5131380,4251480,4180260,71220,879900
435,2012,1,Gers,1437980,1233900,1206660,27240,204080
436,2012,1,Gironde,10076630,8329460,8189060,140400,1747170
437,2012,1,Guadeloupe,2981080,1565230,1451590,113640,1415850
438,2012,1,Guyane,768740,391680,374120,17560,377060
439,2012,1,Haut-Rhin,5211740,4138080,4054110,83970,1073660
440,2012,1,Haute-Corse,1186670,881440,865170,16270,305230
441,2012,1,Haute-Garonne,8450350,7053530,6935930,117600,1396820
442,2012,1,Haute-Loire,1761030,1488780,1450990,37790,272250
443,2012,1,Haute-Marne,1389290,1115840,1093530,22310,273450
444,2012,1,Haute-Savoie,5046740,4093580,4020150,73430,953160
445,2012,1,Haute-Saône,1806460,1502180,1465360,36820,304280
446,2012,1,Haute-Vienne,2649140,2238890,2179390,59500,410250
447,2012,1,Hautes-Alpes,1068650,886190,867770,18420,182460
448,2012,1,Hautes-Pyrénées,1774170,1476730,1447040,29690,297440
449,2012,1,Hauts-de-Seine,9385380,7453780,7336520,117260,1931600
450,2012,1,Hérault,7466160,6134220,6029440,104780,1331940
451,2012,1,Ille-et-Vilaine,6970430,5900710,5790260,110450,1069720
452,2012,1,Indre,1737720,1424360,1389480,34880,313360
453,2012,1,Indre-et-Loire,4129040,3415460,3352550,62910,713580
454,2012,1,Isère,8212790,6783720,6663390,120330,1429070
455,2012,1,Jura,1882520,1573350,1540930,32420,309170
456,2012,1,La Réunion,5784090,3793880,3640850,153030,1990210
457,2012,1,Landes,2967400,2486670,2438300,48370,480730
458,2012,1,Loir-et-Cher,2430610,2012760,1973010,39750,417850
459,2012,1,Loire,5097010,4204750,4124230,80520,892260
460,2012,1,Loire-Atlantique,9352540,7878930,7737220,141710,1473610
461,2012,1,Loiret,4429280,3627310,3560450,66860,801970
462,2012,1,Lot,1351780,1164400,1140700,23700,187380
463,2012,1,Lot-et-Garonne,2409260,2006200,1965320,40880,403060
464,2012,1,Lozère,598900,510330,500060,10270,88570
465,2012,1,Maine-et-Loire,5530430,4666280,4557730,108550,864150
466,2012,1,Manche,3757160,3120810,3061290,59520,636350
467,2012,1,Marne,3820030,3019640,2969870,49770,800390
468,2012,1,Martinique,3029030,1587770,1462700,125070,1441260
469,2012,1,Mayenne,2214930,1869720,1822710,47010,345210
470,2012,1,Mayotte,774130,376820,359830,16990,397310
471,2012,1,Meurthe-et-Moselle,4955060,3961450,3899030,62420,993610
472,2012,1,Meuse,1401330,1145290,1124540,20750,256040
473,2012,1,Morbihan,5558190,4696960,4611580,85380,861230
474,2012,1,Moselle,7456780,5827300,5720720,106580,1629480
475,2012,1,Nièvre,1649110,1331900,1305960,25940,317210
476,2012,1,Nord,17923590,13958360,13710990,247370,3965230
477,2012,1,Nouvelle-Calédonie,1654670,916280,892590,23690,738390
478,2012,1,Oise,5488450,4442030,4359690,82340,1046420
479,2012,1,Orne,2125210,1771430,1737540,33890,353780
480,2012,1,Paris,12533220,10045670,9924740,120930,2487550
481,2012,1,Pas-de-Calais,10837280,8655610,8491390,164220,2181670
482,2012,1,Polynésie française,1866420,921000,898190,22810,945420
483,2012,1,Puy-de-Dôme,4492470,3776660,3694440,82220,715810
484,2012,1,Pyrénées-Atlantiques,4889460,4021580,3936570,85010,867880
485,2012,1,Pyrénées-Orientales,3292430,2693060,2641940,51120,599370
486,2012,1,Rhône,11006320,8978840,8836510,142330,2027480
487,2012,1,Saint-Martin/Saint-Barthélemy,226850,82770,80330,2440,144080
488,2012,1,Saint-Pierre-et-Miquelon,49230,27300,26310,990,21930
489,2012,1,Sarthe,4068580,3343350,3261020,82330,725230
490,2012,1,Savoie,2987850,2482470,2431150,51320,505380
491,2012,1,Saône-et-Loire,4099870,3324100,3248260,75840,775770
492,2012,1,Seine-Maritime,8761650,7088710,6954010,134700,1672940
493,2012,1,Seine-Saint-Denis,7405360,5440190,5339150,101040,1965170
494,2012,1,Seine-et-Marne,8436730,6572760,6457980,114780,1863970
495,2012,1,Somme,4094440,3351490,3291370,60120,742950
496,2012,1,Tarn,2838840,2420600,2367140,53460,418240
497,2012,1,Tarn-et-Garonne,1753120,1490100,1458440,31660,263020
498,2012,1,Territoire de Belfort,948890,765070,749230,15840,183820
499,2012,1,Val-d'Oise,7048100,5424670,5327150,97520,1623430
500,2012,1,Val-de-Marne,7675710,5948630,5853620,95010,1727080
501,2012,1,Var,7571800,6101630,6007300,94330,1470170
502,2012,1,Vaucluse,3880520,3184350,3128890,55460,696170
503,2012,1,Vendée,4888190,4171010,4073840,97170,717180
504,2012,1,Vienne,3036530,2510960,2456900,54060,525570
505,2012,1,Vosges,2854100,2340760,2289020,51740,513340
506,2012,1,Wallis et Futuna,89400,64460,64070,390,24940
507,2012,1,Yonne,2452580,1980230,1944760,35470,472350
508,2012,1,Yvelines,9266190,7303790,7193130,110660,1962400
509,2012,2,Ain,787732,653174,614148,39026,134558
510,2012,2,Aisne,752146,604152,562040,42112,147994
511,2012,2,Allier,512422,422264,392416,29848,90158
512,2012,2,Alpes-Maritimes,1490986,1198478,1138344,60134,292508
513,2012,2,Alpes-de-Haute-Provence,247790,207162,193884,13278,40628
514,2012,2,Ardennes,393206,312122,291506,20616,81084
515,2012,2,Ardèche,486702,407860,379910,27950,78842
516,2012,2,Ariège,232714,196666,183836,12830,36048
517,2012,2,Aube,407170,330350,307524,22826,76820
518,2012,2,Aude,527996,441396,410302,31094,86600
519,2012,2,Aveyron,436578,374360,350216,24144,62218
520,2012,2,Bas-Rhin,1496256,1199456,1131804,67652,296800
521,2012,2,Bouches-du-Rhône,2629510,2127954,2012712,115242,501556
522,2012,2,Calvados,981360,818966,773896,45070,162394
523,2012,2,Cantal,241862,203706,191280,12426,38156
524,2012,2,Charente,521456,429194,401496,27698,92262
525,2012,2,Charente-Maritime,944048,777416,730662,46754,166632
526,2012,2,Cher,462030,370460,343632,26828,91570
527,2012,2,Corrèze,373242,322304,304532,17772,50938
528,2012,2,Corse-du-Sud,203348,153998,145252,8746,49350
529,2012,2,Creuse,193714,161432,150352,11080,32282
530,2012,2,Côte-d'Or,709610,591890,556986,34904,117720
531,2012,2,Côtes-d'Armor,902028,776948,735278,41670,125080
532,2012,2,Deux-Sèvres,541282,455738,428770,26968,85544
533,2012,2,Dordogne,623566,535710,500582,35128,87856
534,2012,2,Doubs,718368,598112,559708,38404,120256
535,2012,2,Drôme,706228,585968,548790,37178,120260
536,2012,2,Essonne,1535136,1254904,1189044,65860,280232
537,2012,2,Eure,835610,680544,636552,43992,155066
538,2012,2,Eure-et-Loir,595524,484022,454256,29766,111502
539,2012,2,Finistère,1353006,1145252,1086542,58710,207754
540,2012,2,Français établis hors de France,2157158,909820,890324,19496,1247338
541,2012,2,Gard,1026014,849622,792964,56658,176392
542,2012,2,Gers,287550,247744,231656,16088,39806
543,2012,2,Gironde,2015600,1682278,1585000,97278,333322
544,2012,2,Guadeloupe,596338,370604,344016,26588,225734
545,2012,2,Guyane,154178,88202,83420,4782,65976
546,2012,2,Haut-Rhin,1039150,831874,778518,53356,207276
547,2012,2,Haute-Corse,237282,182340,172644,9696,54942
548,2012,2,Haute-Garonne,1690888,1400632,1322922,77710,290256
549,2012,2,Haute-Loire,352056,297144,274382,22762,54912
550,2012,2,Haute-Marne,277562,222700,206100,16600,54862
551,2012,2,Haute-Savoie,1009106,821106,775100,46006,188000
552,2012,2,Haute-Saône,361196,301680,276630,25050,59516
553,2012,2,Haute-Vienne,529718,448032,417124,30908,81686
554,2012,2,Hautes-Alpes,213750,178810,166760,12050,34940
555,2012,2,Hautes-Pyrénées,354878,296568,277942,18626,58310
556,2012,2,Hauts-de-Seine,1878242,1554140,1491888,62252,324102
557,2012,2,Hérault,1493618,1229426,1155324,74102,264192
558,2012,2,Ille-et-Vilaine,1394188,1177148,1116064,61084,217040
559,2012,2,Indre,347544,285404,264518,20886,62140
560,2012,2,Indre-et-Loire,825870,684678,645334,39344,141192
561,2012,2,Isère,1643108,1347526,1271754,75772,295582
562,2012,2,Jura,376432,314924,292650,22274,61508
563,2012,2,La Réunion,1156710,842788,800458,42330,313922
564,2012,2,Landes,593438,503558,473328,30230,89880
565,2012,2,Loir-et-Cher,486238,401932,374914,27018,84306
566,2012,2,Loire,1019464,832274,778286,53988,187190
567,2012,2,Loire-Atlantique,1871240,1570446,1488754,81692,300794
568,2012,2,Loiret,885940,726216,679920,46296,159724
569,2012,2,Lot,270422,234240,219686,14554,36182
570,2012,2,Lot-et-Garonne,481396,405290,376858,28432,76106
571,2012,2,Lozère,119770,103014,96054,6960,16756
572,2012,2,Maine-et-Loire,1106198,929036,874510,54526,177162
573,2012,2,Manche,751552,625794,589194,36600,125758
574,2012,2,Marne,764266,602650,564632,38018,161616
575,2012,2,Martinique,605424,361896,334712,27184,243528
576,2012,2,Mayenne,442988,372126,349138,22988,70862
577,2012,2,Mayotte,155088,80564,77244,3320,74524
578,2012,2,Meurthe-et-Moselle,990904,790010,741114,48896,200894
579,2012,2,Meuse,280226,228578,211516,17062,51648
580,2012,2,Morbihan,1111310,940472,886282,54190,170838
581,2012,2,Moselle,1491522,1164940,1089298,75642,326582
582,2012,2,Nièvre,329830,267650,249690,17960,62180
583,2012,2,Nord,3585220,2792396,2618310,174086,792824
584,2012,2,Nouvelle-Calédonie,330676,202340,196022,6318,128336
585,2012,2,Oise,1098194,886026,826866,59160,212168
586,2012,2,Orne,425010,352890,329332,23558,72120
587,2012,2,Paris,2507838,2082098,2015922,66176,425740
588,2012,2,Pas-de-Calais,2167332,1726108,1602236,123872,441224
589,2012,2,Polynésie française,373876,220364,199116,21248,153512
590,2012,2,Puy-de-Dôme,898562,752656,703184,49472,145906
591,2012,2,Pyrénées-Atlantiques,977964,818228,766676,51552,159736
592,2012,2,Pyrénées-Orientales,658586,541358,504586,36772,117228
593,2012,2,Rhône,2201952,1787676,1704538,83138,414276
594,2012,2,Saint-Martin/Saint-Barthélemy,45372,19814,18984,830,25558
595,2012,2,Saint-Pierre-et-Miquelon,9844,6782,6370,412,3062
596,2012,2,Sarthe,813792,664376,618858,45518,149416
597,2012,2,Savoie,597774,492616,461838,30778,105158
598,2012,2,Saône-et-Loire,819692,666510,619988,46522,153182
599,2012,2,Seine-Maritime,1752258,1421260,1334546,86714,330998
600,2012,2,Seine-Saint-Denis,1481850,1132768,1081644,51124,349082
601,2012,2,Seine-et-Marne,1687984,1359478,1281446,78032,328506
602,2012,2,Somme,818732,672354,626846,45508,146378
603,2012,2,Tarn,567740,484220,450488,33732,83520
604,2012,2,Tarn-et-Garonne,350674,297352,277786,19566,53322
605,2012,2,Territoire de Belfort,189716,153726,141978,11748,35990
606,2012,2,Val-d'Oise,1409900,1129100,1074122,54978,280800
607,2012,2,Val-de-Marne,1535930,1235872,1180494,55378,300058
608,2012,2,Var,1514620,1231654,1163700,67954,282966
609,2012,2,Vaucluse,776116,638250,598078,40172,137866
610,2012,2,Vendée,977576,831338,782340,48998,146238
611,2012,2,Vienne,607226,502282,471462,30820,104944
612,2012,2,Vosges,570814,467708,429550,38158,103106
613,2012,2,Wallis et Futuna,17884,13676,13538,138,4208
614,2012,2,Yonne,490482,396698,369464,27234,93784
615,2012,2,Yvelines,1853266,1524810,1457524,67286,328456
616,2017,1,Ain,4574746,3678169,3583789,94380,896577
617,2017,1,Aisne,4133272,3251259,3169540,81719,882013
618,2017,1,Allier,2788588,2191563,2117060,74503,597025
619,2017,1,Alpes-Maritimes,8379371,6598438,6467252,131186,1780933
620,2017,1,Alpes-de-Haute-Provence,1392358,1124805,1096854,27951,267553
621,2017,1,Ardennes,2138169,1653333,1614833,38500,484836
622,2017,1,Ardèche,2741838,2229040,2151116,77924,512798
623,2017,1,Ariège,1291499,1056187,1026366,29821,235312
624,2017,1,Aube,2242317,1813856,1771748,42108,428461
625,2017,1,Aude,2999645,2421562,2357971,63591,578083
626,2017,1,Aveyron,2401036,2000878,1941093,59785,400158
627,2017,1,Bas-Rhin,8431929,6737522,6579155,158367,1694407
628,2017,1,Bouches-du-Rhône,15096334,11794728,11546678,248050,3301606
629,2017,1,Calvados,5512683,4519240,4417842,101398,993443
630,2017,1,Cantal,1291675,1041238,1007226,34012,250437
631,2017,1,Charente,2859494,2254714,2189143,65571,604780
632,2017,1,Charente-Maritime,5405059,4312198,4202715,109483,1092861
633,2017,1,Cher,2518813,1958803,1899546,59257,560010
634,2017,1,Corrèze,2038047,1660758,1601743,59015,377289
635,2017,1,Corse-du-Sud,1196591,825253,801548,23705,371338
636,2017,1,Creuse,1024243,805156,772761,32395,219087
637,2017,1,Côte-d'Or,3967238,3211758,3136364,75394,755480
638,2017,1,Côtes-d'Armor,5015538,4227751,4124659,103092,787787
639,2017,1,Deux-Sèvres,2996235,2433519,2358378,75141,562716
640,2017,1,Dordogne,3454220,2821500,2735810,85690,632720
641,2017,1,Doubs,4052411,3214222,3125969,88253,838189
642,2017,1,Drôme,4064379,3259069,3176151,82918,805310
643,2017,1,Essonne,8747497,7015657,6858357,157300,1731840
644,2017,1,Eure,4702863,3798498,3704547,93951,904365
645,2017,1,Eure-et-Loir,3316126,2650912,2582569,68343,665214
646,2017,1,Finistère,7596281,6269285,6129035,140250,1326996
647,2017,1,Gard,5917329,4737282,4627502,109780,1180047
648,2017,1,Gers,1594549,1341252,1305513,35739,253297
649,2017,1,Gironde,11956802,9574180,9359020,215160,2382622
650,2017,1,Guadeloupe,3479795,1393161,1234662,158499,2086634
651,2017,1,Guyane,1022285,351175,295229,55946,671110
652,2017,1,Haut-Rhin,5788090,4572634,4443010,129624,1215456
653,2017,1,Haute-Corse,1373625,923648,896588,27060,449977
654,2017,1,Haute-Garonne,9973183,8094548,7913323,181225,1878635
655,2017,1,Haute-Loire,1948738,1587113,1535347,51766,361625
656,2017,1,Haute-Marne,1475628,1159169,1126840,32329,316459
657,2017,1,Haute-Savoie,5940363,4661338,4548478,112860,1279025
658,2017,1,Haute-Saône,1971354,1586618,1534742,51876,384736
659,2017,1,Haute-Vienne,2929542,2372689,2292565,80124,556853
660,2017,1,Hautes-Alpes,1208977,979946,956197,23749,229031
661,2017,1,Hautes-Pyrénées,1954590,1577565,1536579,40986,377025
662,2017,1,Hauts-de-Seine,10854030,8910165,8742338,167827,1943865
663,2017,1,Hérault,8804334,7051264,6895284,155980,1753070
664,2017,1,Ille-et-Vilaine,8031562,6747807,6592751,155056,1283755
665,2017,1,Indre,1874499,1490478,1440274,50204,384021
666,2017,1,Indre-et-Loire,4717581,3835700,3738955,96745,881881
667,2017,1,Isère,9420026,7461982,7287654,174328,1958044
668,2017,1,Jura,2093652,1691888,1645259,46629,401764
669,2017,1,La Réunion,7034291,4127772,3855280,272492,2906519
670,2017,1,Landes,3412167,2802646,2726526,76120,609521
671,2017,1,Loir-et-Cher,2698531,2188956,2131118,57838,509575
672,2017,1,Loire,5618899,4421681,4305037,116644,1197218
673,2017,1,Loire-Atlantique,10928918,9140351,8926027,214324,1788567
674,2017,1,Loiret,4978677,4010963,3911292,99671,967714
675,2017,1,Lot,1499542,1253725,1218657,35068,245817
676,2017,1,Lot-et-Garonne,2650241,2135386,2077042,58344,514855
677,2017,1,Lozère,654588,545149,529617,15532,109439
678,2017,1,Maine-et-Loire,6263675,5196257,5048538,147719,1067418
679,2017,1,Manche,4170144,3397922,3304906,93016,772222
680,2017,1,Marne,4198656,3304741,3231459,73282,893915
681,2017,1,Martinique,3418932,1363527,1201904,161623,2055405
682,2017,1,Mayenne,2445575,2045263,1982552,62711,400312
683,2017,1,Mayotte,913517,398057,364430,33627,515460
684,2017,1,Meurthe-et-Moselle,5446001,4274556,4177426,97130,1171445
685,2017,1,Meuse,1513919,1207580,1177495,30085,306339
686,2017,1,Morbihan,6347132,5289889,5157185,132704,1057243
687,2017,1,Moselle,8263981,6311481,6151387,160094,1952500
688,2017,1,Nièvre,1753675,1363648,1324774,38874,390027
689,2017,1,Nord,19851348,15263545,14891833,371712,4587803
690,2017,1,Nouvelle-Calédonie,2084313,1003486,956406,47080,1080827
691,2017,1,Oise,6182935,4937141,4815723,121418,1245794
692,2017,1,Orne,2296074,1874334,1826627,47707,421740
693,2017,1,Paris,14318007,12005807,11842149,163658,2312200
694,2017,1,Pas-de-Calais,11994048,9417914,9164672,253242,2576134
695,2017,1,Polynésie française,2243340,873543,831842,41701,1369797
696,2017,1,Puy-de-Dôme,5070329,4043336,3922237,121099,1026993
697,2017,1,Pyrénées-Atlantiques,5526158,4455231,4352183,103048,1070927
698,2017,1,Pyrénées-Orientales,3827054,3013230,2934657,78573,813824
699,2017,1,Rhône,12711644,9971841,9773632,198209,2739803
700,2017,1,Saint-Martin/Saint-Barthélemy,279235,90013,86515,3498,189222
701,2017,1,Saint-Pierre-et-Miquelon,54626,30008,28952,1056,24618
702,2017,1,Sarthe,4459840,3650493,3546884,103609,809347
703,2017,1,Savoie,3412607,2722401,2657149,65252,690206
704,2017,1,Saône-et-Loire,4470598,3515974,3409461,106513,954624
705,2017,1,Seine-Maritime,9698238,7748004,7551786,196218,1950234
706,2017,1,Seine-Saint-Denis,8435834,6115362,5953222,162140,2320472
707,2017,1,Seine-et-Marne,9697138,7680816,7486501,194315,2016322
708,2017,1,Somme,4499154,3613775,3515996,97779,885379
709,2017,1,Tarn,3203134,2647557,2571327,76230,555577
710,2017,1,Tarn-et-Garonne,2016751,1657898,1614811,43087,358853
711,2017,1,Territoire de Belfort,1048190,810172,787314,22858,238018
712,2017,1,Val-d'Oise,8035467,6192307,6029518,162789,1843160
713,2017,1,Val-de-Marne,8640940,6836192,6685657,150535,1804748
714,2017,1,Var,8742547,6882370,6736818,145552,1860177
715,2017,1,Vaucluse,4425553,3538931,3456508,82423,886622
716,2017,1,Vendée,5658862,4747325,4607130,140195,911537
717,2017,1,Vienne,3377154,2693757,2615228,78529,683397
718,2017,1,Vosges,3108732,2488409,2414522,73887,620323
719,2017,1,Wallis et Futuna,93104,59521,58828,693,33583
720,2017,1,Yonne,2661098,2080969,2030083,50886,580129
721,2017,1,Yvelines,10462628,8510293,8348274,162019,1952335
722,2017,2,Ain,831900,645640,570460,75180,186260
723,2017,2,Aisne,751582,570092,506282,63810,181490
724,2017,2,Allier,506958,388370,333572,54798,118588
725,2017,2,Alpes-Maritimes,1523560,1126298,1005902,120396,397262
726,2017,2,Alpes-de-Haute-Provence,252918,194408,167622,26786,58510
727,2017,2,Ardennes,388698,288926,253990,34936,99772
728,2017,2,Ardèche,498432,389458,335416,54042,108974
729,2017,2,Ariège,234812,181416,152114,29302,53396
730,2017,2,Aube,407600,316260,279980,36280,91340
731,2017,2,Aude,545286,421626,364706,56920,123660
732,2017,2,Aveyron,436194,348492,300356,48136,87702
733,2017,2,Bas-Rhin,1533300,1166802,1049458,117344,366498
734,2017,2,Bouches-du-Rhône,2740114,2012074,1795582,216492,728040
735,2017,2,Calvados,1002124,782724,693234,89490,219400
736,2017,2,Cantal,234788,184230,158698,25532,50558
737,2017,2,Charente,519902,398822,347232,51590,121080
738,2017,2,Charente-Maritime,982596,758948,664638,94310,223648
739,2017,2,Cher,457968,341926,295468,46458,116042
740,2017,2,Corrèze,370490,294170,247968,46202,76320
741,2017,2,Corse-du-Sud,217520,140496,123108,17388,77024
742,2017,2,Creuse,186244,142768,119334,23434,43476
743,2017,2,Côte-d'Or,721292,566782,497532,69250,154510
744,2017,2,Côtes-d'Armor,911680,736340,645014,91326,175340
745,2017,2,Deux-Sèvres,544774,429604,379732,49872,115170
746,2017,2,Dordogne,627802,496288,421736,74552,131514
747,2017,2,Doubs,736628,567380,496478,70902,169248
748,2017,2,Drôme,738924,574706,504608,70098,164218
749,2017,2,Essonne,1590470,1191588,1060318,131270,398882
750,2017,2,Eure,855044,660452,584550,75902,194592
751,2017,2,Eure-et-Loir,602910,460478,406232,54246,142432
752,2017,2,Finistère,1380878,1091802,960444,131358,289076
753,2017,2,Gard,1075680,814830,712228,102602,260850
754,2017,2,Gers,289900,234630,201990,32640,55270
755,2017,2,Gironde,2173130,1669480,1471504,197976,503650
756,2017,2,Guadeloupe,632124,311220,267890,43330,320904
757,2017,2,Guyane,185202,77370,67092,10278,107832
758,2017,2,Haut-Rhin,1052322,794722,702396,92326,257600
759,2017,2,Haute-Corse,249746,158468,136494,21974,91278
760,2017,2,Haute-Garonne,1813664,1372570,1206520,166050,441094
761,2017,2,Haute-Loire,354232,278950,240690,38260,75282
762,2017,2,Haute-Marne,268238,204076,179046,25030,64162
763,2017,2,Haute-Savoie,1076014,820742,725888,94854,255272
764,2017,2,Haute-Saône,358374,283800,245764,38036,74574
765,2017,2,Haute-Vienne,532618,418034,356362,61672,114584
766,2017,2,Hautes-Alpes,219784,169994,147256,22738,49790
767,2017,2,Hautes-Pyrénées,355356,274032,234038,39994,81324
768,2017,2,Hauts-de-Seine,1967044,1513352,1379990,133362,453692
769,2017,2,Hérault,1600528,1205270,1055132,150138,395258
770,2017,2,Ille-et-Vilaine,1460110,1162374,1038578,123796,297736
771,2017,2,Indre,340810,260988,223600,37388,79822
772,2017,2,Indre-et-Loire,857680,660656,581298,79358,197024
773,2017,2,Isère,1712660,1307374,1164588,142786,405286
774,2017,2,Jura,380632,298508,258312,40196,82124
775,2017,2,La Réunion,1278782,804500,703996,100504,474282
776,2017,2,Landes,620244,494618,426560,68058,125626
777,2017,2,Loir-et-Cher,490588,381454,333370,48084,109134
778,2017,2,Loire,1021806,775082,684634,90448,246724
779,2017,2,Loire-Atlantique,1986826,1557346,1361106,196240,429480
780,2017,2,Loiret,905242,697956,617478,80478,207286
781,2017,2,Lot,272530,217936,185478,32458,54594
782,2017,2,Lot-et-Garonne,481764,377238,327622,49616,104526
783,2017,2,Lozère,118992,95224,80538,14686,23768
784,2017,2,Maine-et-Loire,1138470,895334,793196,102138,243136
785,2017,2,Manche,758076,592470,525580,66890,165606
786,2017,2,Marne,763314,573014,508134,64880,190300
787,2017,2,Martinique,621346,312268,269004,43264,309078
788,2017,2,Mayenne,444676,352206,311546,40660,92470
789,2017,2,Mayotte,164964,75446,67028,8418,89518
790,2017,2,Meurthe-et-Moselle,990172,740454,655304,85150,249718
791,2017,2,Meuse,275104,212148,187140,25008,62956
792,2017,2,Morbihan,1153798,919340,809340,110000,234458
793,2017,2,Moselle,1502492,1099028,980628,118400,403464
794,2017,2,Nièvre,318764,242424,209336,33088,76340
795,2017,2,Nord,3608808,2642942,2354480,288462,965866
796,2017,2,Nouvelle-Calédonie,378736,199996,182238,17758,178740
797,2017,2,Oise,1123900,856502,760116,96386,267398
798,2017,2,Orne,417382,326228,287108,39120,91154
799,2017,2,Paris,2603074,2043278,1894054,149224,559796
800,2017,2,Pas-de-Calais,2180882,1656444,1470680,185764,524438
801,2017,2,Polynésie française,407946,191286,179394,11892,216660
802,2017,2,Puy-de-Dôme,921838,711770,615184,96586,210068
803,2017,2,Pyrénées-Atlantiques,1004646,783980,677988,105992,220666
804,2017,2,Pyrénées-Orientales,695728,522306,449036,73270,173422
805,2017,2,Rhône,2311012,1731316,1554664,176652,579696
806,2017,2,Saint-Martin/Saint-Barthélemy,50890,17986,16244,1742,32904
807,2017,2,Saint-Pierre-et-Miquelon,9926,5558,4636,922,4368
808,2017,2,Sarthe,811246,622248,537352,84896,188998
809,2017,2,Savoie,620358,475776,417432,58344,144582
810,2017,2,Saône-et-Loire,812622,623350,541740,81610,189272
811,2017,2,Seine-Maritime,1761512,1338726,1176596,162130,422786
812,2017,2,Seine-Saint-Denis,1533954,1035528,933296,102232,498426
813,2017,2,Seine-et-Marne,1761880,1305862,1157966,147896,456018
814,2017,2,Somme,817914,636738,565582,71156,181176
815,2017,2,Tarn,582306,457778,394894,62884,124528
816,2017,2,Tarn-et-Garonne,366658,287614,250308,37306,79044
817,2017,2,Territoire de Belfort,190516,144158,124946,19212,46358
818,2017,2,Val-d'Oise,1460670,1052266,943072,109194,408404
819,2017,2,Val-de-Marne,1571172,1156262,1043636,112626,414910
820,2017,2,Var,1589330,1185284,1048986,136298,404046
821,2017,2,Vaucluse,804614,616398,546156,70242,188216
822,2017,2,Vendée,1028850,822554,725898,96656,206296
823,2017,2,Vienne,613954,476532,417934,58598,137422
824,2017,2,Vosges,565064,438506,383940,54566,126558
825,2017,2,Wallis et Futuna,16928,12190,11916,274,4738
826,2017,2,Yonne,483782,369804,323180,46624,113978
827,2017,2,Yvelines,1901642,1451288,1305598,145690,450354
